2025-01-09
1 278
2 278
3 277
4 282
5 276
6 280
7 277
8 275
9 280
10 275
11 275
12 275
13 281
14 278
15 280
16 274
17 279
18 277
19 278
20 278
21 276
22 277
23 275
24 277
25 280
26 280
27 274
28 274
29 274
30 275
31 274
32 275
33 280
34 277
35 277
36 275
37 281
38 275
39 274
40 281
41 273
42 282
43 276
44 277
45 281
46 276
47 279
48 282
49 277
50 276
51 278
52 278
53 279
54 279
55 272
56 279
57 276
58 277
59 281
60 276
61 274
62 275
63 284
64 276
65 279
66 276
67 275
68 277
69 273
70 276
71 277
72 283
73 272
74 279
75 277
76 278
77 280
78 278
79 279
80 276
81 282
82 279
83 279
84 278
85 277
86 277
87 274
88 281
89 281
90 273
91 276
92 278
93 276
94 279
95 276
96 277
97 276
98 276
99 276
100 278
M2 0